{
 "cells": [
  {
   "cell_type": "code",
   "execution_count": 1,
   "metadata": {},
   "outputs": [
    {
     "name": "stdout",
     "output_type": "stream",
     "text": [
      "Setting CUDA_VISIBLE_DEVICES to: \n",
      "Running experiment: trial\n",
      "max_top_antecedents = 50\n",
      "max_training_sentences = 50\n",
      "top_span_ratio = 0.4\n",
      "filter_widths = [\n",
      "  3\n",
      "  4\n",
      "  5\n",
      "]\n",
      "filter_size = 50\n",
      "char_embedding_size = 8\n",
      "char_vocab_path = \"char_vocab.english.txt\"\n",
      "context_embeddings {\n",
      "  path = \"glove.840B.300d.txt\"\n",
      "  size = 300\n",
      "}\n",
      "head_embeddings {\n",
      "  path = \"glove_50_300_2.txt\"\n",
      "  size = 300\n",
      "}\n",
      "contextualization_size = 200\n",
      "contextualization_layers = 3\n",
      "ffnn_size = 150\n",
      "ffnn_depth = 2\n",
      "feature_size = 20\n",
      "max_span_width = 30\n",
      "use_metadata = true\n",
      "use_features = true\n",
      "model_heads = true\n",
      "coref_depth = 2\n",
      "lm_layers = 3\n",
      "lm_size = 1024\n",
      "coarse_to_fine = true\n",
      "max_gradient_norm = 5.0\n",
      "lstm_dropout_rate = 0.4\n",
      "lexical_dropout_rate = 0.5\n",
      "dropout_rate = 0.2\n",
      "optimizer = \"adam\"\n",
      "learning_rate = 0.001\n",
      "decay_rate = 0.999\n",
      "decay_frequency = 100\n",
      "train_path = \"train.english.jsonlines\"\n",
      "eval_path = \"dev.english.jsonlines\"\n",
      "conll_eval_path = \"dev.english.conll\"\n",
      "lm_path = \"\"\n",
      "genres = [\n",
      "  \"bc\"\n",
      "  \"bn\"\n",
      "  \"mz\"\n",
      "  \"nw\"\n",
      "  \"pt\"\n",
      "  \"tc\"\n",
      "  \"wb\"\n",
      "]\n",
      "eval_frequency = 1\n",
      "report_frequency = 1\n",
      "log_root = \"logs\"\n",
      "cluster {\n",
      "  addresses {\n",
      "    ps = [\n",
      "      \"localhost:2222\"\n",
      "    ]\n",
      "    worker = [\n",
      "      \"localhost:2223\"\n",
      "      \"localhost:2224\"\n",
      "    ]\n",
      "  }\n",
      "  gpus = [\n",
      "    0\n",
      "    1\n",
      "  ]\n",
      "}\n",
      "log_dir = \"logs/trial\"\n",
      "300 hhh\n",
      "Loading word embeddings from glove.840B.300d.txt...\n",
      ",\n",
      ".\n",
      "the\n",
      "and\n",
      "to\n",
      "of\n",
      "a\n",
      "in\n",
      "\"\n",
      ":\n",
      "is\n",
      "for\n",
      "I\n",
      ")\n",
      "(\n",
      "that\n",
      "-\n",
      "on\n",
      "you\n",
      "with\n",
      "'s\n",
      "it\n",
      "The\n",
      "are\n",
      "by\n",
      "at\n",
      "be\n",
      "this\n",
      "as\n",
      "from\n",
      "was\n",
      "have\n",
      "or\n",
      "...\n",
      "your\n",
      "not\n",
      "!\n",
      "?\n",
      "will\n",
      "an\n",
      "n't\n",
      "can\n",
      "but\n",
      "all\n",
      "my\n",
      "has\n",
      "|\n",
      "do\n",
      "we\n",
      "they\n",
      "more\n",
      "one\n",
      "about\n",
      "he\n",
      ";\n",
      "'\n",
      "out\n",
      "$\n",
      "their\n",
      "so\n",
      "his\n",
      "up\n",
      "It\n",
      "&\n",
      "like\n",
      "/\n",
      "1\n",
      "which\n",
      "if\n",
      "would\n",
      "our\n",
      "[\n",
      "]\n",
      "me\n",
      "who\n",
      "just\n",
      "This\n",
      "time\n",
      "what\n",
      "A\n",
      "2\n",
      "had\n",
      "when\n",
      "there\n",
      "been\n",
      "some\n",
      "get\n",
      "were\n",
      "other\n",
      "also\n",
      "In\n",
      "her\n",
      "them\n",
      "You\n",
      "new\n",
      "We\n",
      "no\n",
      "any\n",
      ">\n",
      "people\n",
      "Done loading word embeddings.\n",
      "300 hhh\n",
      "Loading word embeddings from glove_50_300_2.txt...\n",
      ",\n",
      "the\n",
      ".\n",
      "to\n",
      "of\n",
      "and\n",
      "a\n",
      "in\n",
      "'s\n",
      "``\n",
      "''\n",
      "that\n",
      "for\n",
      "said\n",
      "on\n",
      "The\n",
      "is\n",
      "was\n",
      "with\n",
      "(\n",
      ")\n",
      "at\n",
      "by\n",
      "as\n",
      "from\n",
      "he\n",
      "it\n",
      "be\n",
      "have\n",
      "has\n",
      "his\n",
      "are\n",
      "--\n",
      "an\n",
      "not\n",
      "will\n",
      ":\n",
      "I\n",
      "who\n",
      "were\n",
      "had\n",
      "their\n",
      ";\n",
      "they\n",
      "but\n",
      "its\n",
      "would\n",
      "this\n",
      "which\n",
      "been\n",
      "or\n",
      "more\n",
      "after\n",
      "about\n",
      "_\n",
      "percent\n",
      "up\n",
      "n't\n",
      "one\n",
      "two\n",
      "also\n",
      "It\n",
      "out\n",
      "year\n",
      "$\n",
      "than\n",
      "people\n",
      "He\n",
      "But\n",
      "first\n",
      "last\n",
      "we\n",
      "government\n",
      "when\n",
      "In\n",
      "over\n",
      "'\n",
      "all\n",
      "other\n",
      "A\n",
      "into\n",
      "new\n",
      "you\n",
      "million\n",
      "can\n",
      "do\n",
      "her\n",
      "years\n",
      "U.S.\n",
      "could\n",
      "some\n",
      "time\n",
      "there\n",
      "New\n",
      "We\n",
      "no\n",
      "against\n",
      "she\n",
      "them\n",
      "United\n",
      "103 63\n",
      "Done loading word embeddings.\n",
      "['limited', 'four', 'facilities', 'protest', 'Olympics', 'controversial', 'firms', 'captain', 'whose', 'votes', 'electricity', 'Netanyahu', 'Western', 'under', 'worth', 'Parliament', 'placed', 'League', 'risk', 'Iranian', 'rise', 'every', 'reforms', 'GM', 'bringing', 'vast', 'Abbas', 'school', 'publicly', 'Premier', 'companies', 'solution', 'red', 'employees', 'Paul', 'Our', 'Turkish', 'force', 'leaders', 'estimates', 'direct', 'elections', 'second', 'street', 'writing', 'estimated', 'Communist', 'even', 'established', 'Arizona', 'pace', 'decisions', '+', 'contributed', 'spokesman', 'above', 'toll', 'new', 'net', 'increasing', 'ever', 'told', 'never', 'here', 'hundreds', 'reported', 'protection', 'active', 'Ohio', '100', 'kids', 'daughter', 'items', 'study', 'changed', 'envoy', 'reports', 'Hamas', 'credit', 'analysts', 'stressed', 'military', 'poverty', 'changes', 'Antonio', 'criticism', 'Group', 'secure', 'campaign', 'St.', 'Three', 'highly', 'brought', 'Also', 'Health', 'total', '___', 'unit', 'opponents', 'spoke']\n"
     ]
    }
   ],
   "source": [
    "import numpy as np\n",
    "import collections\n",
    "import util\n",
    "import sys\n",
    "sys.argv[1] = 'trial'\n",
    "config = util.initialize_from_env()\n",
    "context_embeddings = util.EmbeddingDictionary(\n",
    "    config[\"context_embeddings\"])\n",
    "head_embeddings = util.EmbeddingDictionary(\n",
    "    config[\"head_embeddings\"], maybe_cache=context_embeddings)\n",
    "print(head_embeddings._embeddings.keys()[:100])"
   ]
  },
  {
   "cell_type": "code",
   "execution_count": 3,
   "metadata": {},
   "outputs": [],
   "source": [
    "import scipy"
   ]
  },
  {
   "cell_type": "code",
   "execution_count": 5,
   "metadata": {},
   "outputs": [],
   "source": [
    "cosine_sims = []\n",
    "for w1, e1 in head_embeddings._embeddings.items():\n",
    "    for w2, e2 in head_embeddings._embeddings.items():\n",
    "        dist = scipy.spatial.distance.cosine(e1,e2)\n",
    "        cosine_sims.append((w1,w2,dist))"
   ]
  },
  {
   "cell_type": "code",
   "execution_count": 10,
   "metadata": {},
   "outputs": [],
   "source": [
    "cosine_sims.sort(key=lambda x: x[2])"
   ]
  },
  {
   "cell_type": "code",
   "execution_count": 12,
   "metadata": {},
   "outputs": [
    {
     "name": "stdout",
     "output_type": "stream",
     "text": [
      "('OPTIONAL', 'killing', 1.2642587721347809)\n"
     ]
    }
   ],
   "source": [
    "print(cosine_sims[len(cosine_sims) - 1])"
   ]
  },
  {
   "cell_type": "code",
   "execution_count": 16,
   "metadata": {},
   "outputs": [
    {
     "data": {
      "text/plain": [
       "1.2642587721347809"
      ]
     },
     "execution_count": 16,
     "metadata": {},
     "output_type": "execute_result"
    }
   ],
   "source": [
    "scipy.spatial.distance.cosine(head_embeddings['OPTIONAL'],head_embeddings['killing'])"
   ]
  },
  {
   "cell_type": "code",
   "execution_count": 20,
   "metadata": {},
   "outputs": [
    {
     "data": {
      "text/plain": [
       "1.2642588019371033"
      ]
     },
     "execution_count": 20,
     "metadata": {},
     "output_type": "execute_result"
    }
   ],
   "source": [
    "np.dot(head_embeddings['OPTIONAL'],head_embeddings['killing'])/(np.linalg.norm(head_embeddings['OPTIONAL'])*np.linalg.norm(head_embeddings['killing']))"
   ]
  },
  {
   "cell_type": "code",
   "execution_count": 17,
   "metadata": {},
   "outputs": [
    {
     "data": {
      "text/plain": [
       "(300,)"
      ]
     },
     "execution_count": 17,
     "metadata": {},
     "output_type": "execute_result"
    }
   ],
   "source": [
    "head_embeddings['OPTIONAL'].shape"
   ]
  },
  {
   "cell_type": "code",
   "execution_count": 18,
   "metadata": {},
   "outputs": [
    {
     "data": {
      "text/plain": [
       "(300,)"
      ]
     },
     "execution_count": 18,
     "metadata": {},
     "output_type": "execute_result"
    }
   ],
   "source": [
    "head_embeddings['killing'].shape"
   ]
  },
  {
   "cell_type": "code",
   "execution_count": 22,
   "metadata": {},
   "outputs": [],
   "source": [
    "not_same_word_cosines = [x for x in cosine_sims if x[0] != x[1]]"
   ]
  },
  {
   "cell_type": "code",
   "execution_count": 23,
   "metadata": {},
   "outputs": [
    {
     "data": {
      "text/plain": [
       "[('Tuesday', 'Wednesday', 0.019674181938171387),\n",
       " ('Wednesday', 'Tuesday', 0.019674181938171387),\n",
       " ('Tuesday', 'Thursday', 0.01987910270690918),\n",
       " ('Thursday', 'Tuesday', 0.01987910270690918),\n",
       " ('Tuesday', 'Monday', 0.020545125007629395),\n",
       " ('Monday', 'Tuesday', 0.020545125007629395),\n",
       " ('Monday', 'Thursday', 0.020593464374542236),\n",
       " ('Thursday', 'Monday', 0.020593464374542236),\n",
       " ('Thursday', 'Wednesday', 0.021383583545684814),\n",
       " ('Wednesday', 'Thursday', 0.021383583545684814),\n",
       " ('Thursday', 'Friday', 0.023494958877563477),\n",
       " ('Friday', 'Thursday', 0.023494958877563477),\n",
       " ('Monday', 'Wednesday', 0.024215102195739746),\n",
       " ('Wednesday', 'Monday', 0.024215102195739746),\n",
       " ('Tuesday', 'Friday', 0.030694544315338135),\n",
       " ('Friday', 'Tuesday', 0.030694544315338135),\n",
       " ('Monday', 'Friday', 0.03165358304977417),\n",
       " ('Friday', 'Monday', 0.03165358304977417),\n",
       " ('Wednesday', 'Friday', 0.03205215930938721),\n",
       " ('Friday', 'Wednesday', 0.03205215930938721),\n",
       " ('six', 'five', 0.03705853223800659),\n",
       " ('five', 'six', 0.03705853223800659),\n",
       " ('four', 'three', 0.03783392906188965),\n",
       " ('three', 'four', 0.03783392906188965),\n",
       " ('Saturday', 'Sunday', 0.04071831703186035),\n",
       " ('Sunday', 'Saturday', 0.04071831703186035),\n",
       " ('six', 'eight', 0.047050416469573975),\n",
       " ('eight', 'six', 0.047050416469573975),\n",
       " ('seventh', 'sixth', 0.04759669303894043),\n",
       " ('sixth', 'seventh', 0.04759669303894043),\n",
       " ('four', 'five', 0.052006661891937256),\n",
       " ('five', 'four', 0.052006661891937256),\n",
       " ('27', '28', 0.054057419300079346),\n",
       " ('28', '27', 0.054057419300079346),\n",
       " ('seven', 'eight', 0.05424916744232178),\n",
       " ('eight', 'seven', 0.05424916744232178),\n",
       " ('13', '14', 0.05562847852706909),\n",
       " ('14', '13', 0.05562847852706909),\n",
       " ('fifth', 'sixth', 0.0576823353767395),\n",
       " ('sixth', 'fifth', 0.0576823353767395),\n",
       " ('four', 'six', 0.05810362100601196),\n",
       " ('six', 'four', 0.05810362100601196),\n",
       " ('6-1', '6-2', 0.05872654914855957),\n",
       " ('6-2', '6-1', 0.05872654914855957),\n",
       " ('6-3', '6-2', 0.05899757146835327),\n",
       " ('6-2', '6-3', 0.05899757146835327),\n",
       " ('22', '23', 0.059141337871551514),\n",
       " ('23', '22', 0.059141337871551514),\n",
       " ('42', '43', 0.05920761823654175),\n",
       " ('43', '42', 0.05920761823654175),\n",
       " ('6-3', '6-4', 0.05949956178665161),\n",
       " ('6-4', '6-3', 0.05949956178665161),\n",
       " ('nine', 'eight', 0.05991220474243164),\n",
       " ('eight', 'nine', 0.05991220474243164),\n",
       " ('26', '27', 0.0599597692489624),\n",
       " ('27', '26', 0.0599597692489624),\n",
       " ('seven', 'six', 0.06049704551696777),\n",
       " ('six', 'seven', 0.06049704551696777),\n",
       " ('21', '22', 0.06093078851699829),\n",
       " ('22', '21', 0.06093078851699829),\n",
       " ('seven', 'five', 0.06286567449569702),\n",
       " ('five', 'seven', 0.06286567449569702),\n",
       " ('eight', 'five', 0.06329059600830078),\n",
       " ('five', 'eight', 0.06329059600830078),\n",
       " ('17', '18', 0.06393152475357056),\n",
       " ('18', '17', 0.06393152475357056),\n",
       " ('19', '21', 0.06449997425079346),\n",
       " ('21', '19', 0.06449997425079346),\n",
       " ('38', '37', 0.06493920087814331),\n",
       " ('37', '38', 0.06493920087814331),\n",
       " ('27', '29', 0.06511503458023071),\n",
       " ('29', '27', 0.06511503458023071),\n",
       " ('27', '31', 0.06628745794296265),\n",
       " ('31', '27', 0.06628745794296265),\n",
       " ('19', '22', 0.06654798984527588),\n",
       " ('22', '19', 0.06654798984527588),\n",
       " ('three', 'five', 0.06673592329025269),\n",
       " ('five', 'three', 0.06673592329025269),\n",
       " ('39', '38', 0.0678972601890564),\n",
       " ('38', '39', 0.0678972601890564),\n",
       " ('14', '16', 0.06805729866027832),\n",
       " ('16', '14', 0.06805729866027832),\n",
       " ('17', '19', 0.068611741065979),\n",
       " ('19', '17', 0.068611741065979),\n",
       " ('5', '6', 0.06909364461898804),\n",
       " ('6', '5', 0.06909364461898804),\n",
       " ('especially', 'particularly', 0.06925231218338013),\n",
       " ('particularly', 'especially', 0.06925231218338013),\n",
       " ('three', 'two', 0.06949502229690552),\n",
       " ('two', 'three', 0.06949502229690552),\n",
       " ('September', 'December', 0.06966489553451538),\n",
       " ('December', 'September', 0.06966489553451538),\n",
       " ('19', '18', 0.06970471143722534),\n",
       " ('18', '19', 0.06970471143722534),\n",
       " ('17', '16', 0.06994664669036865),\n",
       " ('16', '17', 0.06994664669036865),\n",
       " ('6', '7', 0.07042849063873291),\n",
       " ('7', '6', 0.07042849063873291),\n",
       " ('39', '37', 0.07070380449295044),\n",
       " ('37', '39', 0.07070380449295044)]"
      ]
     },
     "execution_count": 23,
     "metadata": {},
     "output_type": "execute_result"
    }
   ],
   "source": [
    "not_same_word_cosines[:100]"
   ]
  },
  {
   "cell_type": "code",
   "execution_count": null,
   "metadata": {},
   "outputs": [],
   "source": []
  }
 ],
 "metadata": {
  "kernelspec": {
   "display_name": "Python 3",
   "language": "python",
   "name": "python3"
  },
  "language_info": {
   "codemirror_mode": {
    "name": "ipython",
    "version": 2
   },
   "file_extension": ".py",
   "mimetype": "text/x-python",
   "name": "python",
   "nbconvert_exporter": "python",
   "pygments_lexer": "ipython2",
   "version": "2.7.15"
  }
 },
 "nbformat": 4,
 "nbformat_minor": 2
}
